TRNSYS16 TESSLIBS2.0 V1
 25            2             2             0 
 1100 
 15 
 0 
 4.19 
 1000 
 2.14 
 3.21 
 0.00026 
 5 
 5 
 5 
 5 
 5 
 5 
 5 
 5 
 5 
 5 
 5 
 5 
 5 
 5 
 5 
 5 
 5 
 5 
 5 
 5 
 5 
 5 
 5 
 5 
 5 
 5 
 5 
 0 
 1 
 1 
 25 
 1 
 25 
 1 
 3 
 3 
 3 
 3 
 3 
 3 
 3 
 3 
 3 
 3 
 3 
 3 
 3 
 5 
 3 
 3 
 3 
 3 
 3 
 3 
 3 
 3 
 3 
 3 
 3 
 1 
 8 
 0 
 4.19 
 1000 
 2.14 
 3.21 
 1 
 0.25 
 1 
 0 
 0.01 
 0.015 
 900 
 1 
 50 
 0.01 
 0.005 
 0 
 0 
 0 
 0 
 0 
 0 
 0 
 0 
 0 
 0 
 0 
 0 
 0 
 0 
 0 
 0 
 0 
 0 
 0 
 0 
 0 
 0 
 0 
 0 
 0 
 2 
 8 
 1 
 1 
 0.25 
 1 
 0 
 0.01 
 0.015 
 900 
 1 
 50 
 0.01 
 0.005 
 1 
 0.125 
 2 
 0.125 
 3 
 0.125 
 4 
 0.125 
 5 
 0.125 
 6 
 0.125 
 7 
 0.125 
 8 
 0.125 
******************************************
 0 
 0 
 0 
 0 
 20 
 0 
 20 
 0 
 20 
 20 
 20 
 20 
 20 
 20 
 20 
 20 
 20 
 20 
 20 
 20 
 20 
 20 
 20 
 20 
 20 
 20 
 20 
 20 
 20 
 20 
 20 
 20 
 20 
 20 
 20 
 20 
-1 
 0 
 15 
 0 
 15 
 0 
 15 
 0 
 15 
 0 
 15 
 0 
 15 
 0 
 15 
 0 
 15 
 0 
 15 
 0 
 15 
 0 
 15 
 0 
 15 
 0 
 15 
 0 
 15 
 0 
 15 
 0 
 15 
 0 
 15 
 0 
 15 
 0 
 15 
 0 
 15 
 0 
 15 
 0 
 15 
 0 
 15 
 0 
 15 
 0 
 15 
